1.00000
0.01000
0.02216
0.00164
0.02234
0.00178
10.64000
2.48414
use_langevin_gradients, learn_rate, rmse_tr, rmsetr_std, rmse_tes, rmsetest_std, accept_ratio, timetotal
1.00000
0.01000
0.05187
0.00058
0.04643
0.00118
2.98000
3.86270
1.00000
0.01000
0.29604
0.00458
0.26092
0.00717
1.76000
3.69812
1.00000
0.01000
0.15526
0.00170
0.16429
0.00321
0.40000
3.50950
1.00000
0.01000
0.02576
0.00328
0.02433
0.00317
14.34000
2.38966
1.00000
0.01000
0.02216
0.00200
0.02170
0.00216
9.15000
5.46743
1.00000
0.01000
0.02092
0.00076
0.02336
0.00091
8.93600
26.29190
1.00000
0.01000
0.01451
0.00064
0.01307
0.00040
3.78400
25.78049
1.00000
0.01000
0.00487
0.00038
0.00496
0.00038
1.28600
25.99095
1.00000
0.01000
0.01019
0.00105
0.00911
0.00079
2.63200
26.87747
1.00000
0.01000
0.01152
0.00030
0.01159
0.00032
2.59800
26.30440
1.00000
0.01000
0.01635
0.00184
0.01553
0.00202
7.32800
27.19563
